   0.192581402E-10   0.000000000E+00
   0.288872086E-10   0.000000000E+00
   0.385162770E-10   0.000000000E+00
   0.481453453E-10   0.000000000E+00
   0.577744137E-10   0.000000000E+00
   0.674034856E-10   0.000000000E+00
   0.770325609E-10   0.000000000E+00
   0.866616362E-10   0.000000000E+00
   0.962907115E-10   0.000000000E+00
   0.105919787E-09   0.000000000E+00
   0.115548862E-09   0.000000000E+00
   0.125177937E-09   0.000000000E+00
   0.134807013E-09   0.000000000E+00
   0.144436088E-09   0.000000000E+00
   0.154065163E-09   0.000000000E+00
   0.163694239E-09   0.000000000E+00
   0.173323314E-09   0.000000000E+00
   0.182952389E-09   0.000000000E+00
   0.192581465E-09   0.000000000E+00
   0.202210540E-09   0.000000000E+00
   0.211839615E-09   0.690577627E-13
   0.221468691E-09   0.145159126E-12
   0.231097766E-09   0.582375424E-11
   0.240726827E-09   0.118096531E-10
   0.250355903E-09   0.202225348E-09
   0.259984978E-09   0.396673250E-09
   0.269614053E-09   0.347654527E-08
   0.279243129E-09   0.660945476E-08
   0.288872204E-09   0.359234704E-07
   0.298501279E-09   0.666055939E-07
   0.308130355E-09   0.248453830E-06
   0.317759430E-09   0.453157242E-06
   0.327388505E-09   0.125974225E-05
   0.337017581E-09   0.228393696E-05
   0.346646656E-09   0.511137569E-05
   0.356275731E-09   0.928081499E-05
   0.365904806E-09   0.181416690E-04
   0.375533882E-09   0.329079448E-04
   0.385162957E-09   0.600710046E-04
   0.394792032E-09   0.107396394E-03
   0.404421108E-09   0.189112121E-03
   0.414050183E-09   0.328454538E-03
   0.423679258E-09   0.559948850E-03
   0.433308334E-09   0.938121520E-03
   0.442937409E-09   0.154290744E-02
   0.452566484E-09   0.249017170E-02
   0.462195560E-09   0.394494412E-02
   0.471824635E-09   0.613309909E-02
   0.481453710E-09   0.935584400E-02
   0.491082786E-09   0.140007082E-01
   0.500711861E-09   0.205453709E-01
   0.510340936E-09   0.295538660E-01
   0.519970011E-09   0.416544974E-01
   0.529599087E-09   0.574960448E-01
   0.539228162E-09   0.776780918E-01
   0.548857237E-09   0.102650270E+00
   0.558486313E-09   0.132578999E+00
   0.568115388E-09   0.167195022E+00
   0.577744463E-09   0.205630928E+00
   0.587373539E-09   0.246276721E+00
   0.597002614E-09   0.286680013E+00
   0.606631689E-09   0.323529094E+00
   0.616260765E-09   0.352753699E+00
   0.625889840E-09   0.369771689E+00
   0.635518915E-09   0.369883925E+00
   0.645147991E-09   0.348812997E+00
   0.654777066E-09   0.303333372E+00
   0.664406141E-09   0.231928468E+00
   0.674035217E-09   0.135348365E+00
   0.683664292E-09   0.170012284E-01
   0.693293367E-09  -0.116975300E+00
   0.702922442E-09  -0.257979870E+00
   0.712551518E-09  -0.395630747E+00
   0.722180593E-09  -0.518763661E+00
   0.731809668E-09  -0.616675854E+00
   0.741438744E-09  -0.680433452E+00
   0.751067819E-09  -0.704032958E+00
   0.760696894E-09  -0.685245514E+00
   0.770325970E-09  -0.625979960E+00
   0.779955045E-09  -0.532073498E+00
   0.789584120E-09  -0.412579894E+00
   0.799213196E-09  -0.278586090E+00
   0.808842271E-09  -0.141831517E+00
   0.818471346E-09  -0.132944472E-01
   0.828100422E-09   0.980276689E-01
   0.837729497E-09   0.185930431E+00
   0.847358572E-09   0.247371703E+00
   0.856987648E-09   0.282360464E+00
   0.866616723E-09   0.293437958E+00
   0.876245798E-09   0.284930408E+00
   0.885874873E-09   0.262071759E+00
   0.895503949E-09   0.230209813E+00
   0.905133024E-09   0.194170713E+00
   0.914762099E-09   0.157841712E+00
   0.924391175E-09   0.123999476E+00
   0.934020195E-09   0.943342820E-01
   0.943649159E-09   0.696050897E-01
   0.953278123E-09   0.498687029E-01
   0.962907087E-09   0.347190760E-01
   0.972536052E-09   0.234998707E-01
   0.982165016E-09   0.154720321E-01
   0.991793980E-09   0.991353672E-02
   0.100142294E-08   0.618420355E-02
   0.101105191E-08   0.376083702E-02
   0.102068087E-08   0.223389640E-02
   0.103030984E-08   0.129606226E-02
   0.103993880E-08   0.730430591E-03
   0.104956777E-08   0.394757575E-03
   0.105919673E-08   0.194154258E-03
   0.106882569E-08   0.674419643E-04
   0.107845466E-08  -0.230569949E-04
   0.108808362E-08  -0.100136545E-03
   0.109771259E-08  -0.183900920E-03
   0.110734155E-08  -0.295356615E-03
   0.111697052E-08  -0.455736386E-03
   0.112659948E-08  -0.685824954E-03
   0.113622844E-08  -0.101390725E-02
   0.114585741E-08  -0.147470715E-02
   0.115548637E-08  -0.210739113E-02
   0.116511534E-08  -0.295692519E-02
   0.117474430E-08  -0.407512579E-02
   0.118437327E-08  -0.551600801E-02
   0.119400223E-08  -0.732835336E-02
   0.120363119E-08  -0.955273118E-02
   0.121326016E-08  -0.122068794E-01
   0.122288912E-08  -0.152761629E-01
   0.123251809E-08  -0.187027566E-01
   0.124214705E-08  -0.223726444E-01
   0.125177602E-08  -0.261038039E-01
   0.126140498E-08  -0.296434890E-01
   0.127103394E-08  -0.326706730E-01
   0.128066291E-08  -0.348091833E-01
   0.129029187E-08  -0.356475003E-01
   0.129992084E-08  -0.347773097E-01
   0.130954980E-08  -0.318376347E-01
   0.131917877E-08  -0.265683532E-01
   0.132880773E-08  -0.188597646E-01
   0.133843669E-08  -0.880329870E-02
   0.134806566E-08   0.328488112E-02
   0.135769462E-08   0.168528631E-01
   0.136732359E-08   0.311389565E-01
   0.137695255E-08   0.452211164E-01
   0.138658152E-08   0.581027903E-01
   0.139621048E-08   0.688100681E-01
   0.140583944E-08   0.765014887E-01
   0.141546841E-08   0.805644169E-01
   0.142509737E-08   0.806916133E-01
   0.143472634E-08   0.769186392E-01
   0.144435530E-08   0.696192384E-01
   0.145398427E-08   0.594571717E-01
   0.146361323E-08   0.473012105E-01
   0.147324219E-08   0.341191031E-01
   0.148287116E-08   0.208721682E-01
   0.149250012E-08   0.841285288E-02
   0.150212909E-08  -0.258331792E-02
   0.151175805E-08  -0.116602927E-01
   0.152138702E-08  -0.185896643E-01
   0.153101598E-08  -0.233506057E-01
   0.154064494E-08  -0.261015780E-01
   0.155027391E-08  -0.271349028E-01
   0.155990287E-08  -0.268361587E-01
   0.156953184E-08  -0.256480053E-01
   0.157916080E-08  -0.240266901E-01
   0.158878977E-08  -0.224074963E-01
   0.159841873E-08  -0.211604442E-01
   0.160804770E-08  -0.205493066E-01
   0.161767666E-08  -0.206972528E-01
   0.162730562E-08  -0.215588417E-01
   0.163693459E-08  -0.229276791E-01
   0.164656355E-08  -0.244629234E-01
   0.165619252E-08  -0.257456210E-01
   0.166582148E-08  -0.263607316E-01
   0.167545045E-08  -0.259756930E-01
   0.168507941E-08  -0.244081058E-01
   0.169470837E-08  -0.216690972E-01
   0.170433734E-08  -0.179592557E-01
   0.171396630E-08  -0.136317722E-01
   0.172359527E-08  -0.912174769E-02
   0.173322423E-08  -0.486220839E-02
   0.174285320E-08  -0.120851013E-02
   0.175248216E-08   0.161859638E-02
   0.176211112E-08   0.355274114E-02
   0.177174009E-08   0.466498081E-02
   0.178136905E-08   0.512195705E-02
   0.179099802E-08   0.512402877E-02
   0.180062698E-08   0.484305853E-02
   0.181025595E-08   0.438066758E-02
   0.181988491E-08   0.374125573E-02
   0.182951387E-08   0.283770356E-02
   0.183914284E-08   0.152000634E-02
   0.184877180E-08  -0.386621512E-03
   0.185840077E-08  -0.303511368E-02
   0.186802995E-08  -0.651793834E-02
   0.187765914E-08  -0.108436355E-01
   0.188728833E-08  -0.159295239E-01
   0.189691751E-08  -0.216088388E-01
   0.190654670E-08  -0.276463181E-01
   0.191617588E-08  -0.337569378E-01
   0.192580507E-08  -0.396169908E-01
   0.193543426E-08  -0.448688194E-01
   0.194506344E-08  -0.491144769E-01
   0.195469263E-08  -0.519073643E-01
   0.196432182E-08  -0.527487099E-01
   0.197395100E-08  -0.511010401E-01
   0.198358019E-08  -0.464264229E-01
   0.199320938E-08  -0.382517986E-01
   0.200283856E-08  -0.262573864E-01
   0.201246775E-08  -0.103814537E-01
   0.202209693E-08   0.908514298E-02
   0.203172612E-08   0.314305611E-01
   0.204135531E-08   0.555032082E-01
   0.205098449E-08   0.797536448E-01
   0.206061368E-08   0.102350459E+00
   0.207024287E-08   0.121351890E+00
   0.207987205E-08   0.134923279E+00
   0.208950124E-08   0.141565472E+00
   0.209913043E-08   0.140323550E+00
   0.210875961E-08   0.130938783E+00
   0.211838880E-08   0.113922492E+00
   0.212801798E-08   0.905282795E-01
   0.213764717E-08   0.626294166E-01
   0.214727636E-08   0.325145386E-01
   0.215690554E-08   0.262814364E-02
   0.216653473E-08  -0.247114431E-01
   0.217616392E-08  -0.475638174E-01
   0.218579310E-08  -0.645664260E-01
   0.219542229E-08  -0.750483274E-01
   0.220505147E-08  -0.790483579E-01
   0.221468066E-08  -0.772391036E-01
   0.222430985E-08  -0.707742572E-01
   0.223393903E-08  -0.610925928E-01
   0.224356822E-08  -0.497065857E-01
   0.225319741E-08  -0.380098112E-01
   0.226282659E-08  -0.271310080E-01
   0.227245578E-08  -0.178496670E-01
   0.228208497E-08  -0.105767148E-01
   0.229171415E-08  -0.538552599E-02
   0.230134334E-08  -0.208643405E-02
   0.231097252E-08  -0.321859727E-03
   0.232060171E-08   0.341042876E-03
   0.233023090E-08   0.330524868E-03
   0.233986008E-08   0.136174986E-04
   0.234948927E-08  -0.337238569E-03
   0.235911846E-08  -0.556076178E-03
   0.236874764E-08  -0.570822100E-03
   0.237837683E-08  -0.390054221E-03
   0.238800602E-08  -0.771410778E-04
   0.239763520E-08   0.278561172E-03
   0.240726439E-08   0.585705333E-03
   0.241689357E-08   0.774392101E-03
   0.242652276E-08   0.809837191E-03
   0.243615195E-08   0.702404126E-03
   0.244578113E-08   0.504733354E-03
   0.245541032E-08   0.297031773E-03
   0.246503951E-08   0.171681881E-03
   0.247466869E-08   0.210115642E-03
   0.248429788E-08   0.462038530E-03
   0.249392706E-08   0.936663069E-03
   0.250355625E-08   0.160382420E-02
   0.251318544E-08   0.240368466E-02
   0.252281462E-08   0.326734921E-02
   0.253244381E-08   0.413758913E-02
   0.254207300E-08   0.498598209E-02
   0.255170218E-08   0.581917865E-02
   0.256133137E-08   0.667209644E-02
   0.257096056E-08   0.759065989E-02
   0.258058974E-08   0.860642549E-02
   0.259021893E-08   0.971260481E-02
   0.259984811E-08   0.108462581E-01
   0.260947730E-08   0.118833957E-01
   0.261910649E-08   0.126479873E-01
   0.262873567E-08   0.129358349E-01
   0.263836486E-08   0.125437705E-01
   0.264799405E-08   0.113037406E-01
   0.265762323E-08   0.911006331E-02
   0.266725242E-08   0.593767688E-02
   0.267688161E-08   0.184956240E-02
   0.268651079E-08  -0.300762453E-02
   0.269613998E-08  -0.841850787E-02
   0.270576916E-08  -0.141147664E-01
   0.271539835E-08  -0.197967626E-01
   0.272502754E-08  -0.251495950E-01
   0.273465672E-08  -0.298613962E-01
   0.274428591E-08  -0.336364135E-01
   0.275391510E-08  -0.362132080E-01
   0.276354428E-08  -0.373802483E-01
   0.277317347E-08  -0.369964950E-01
   0.278280265E-08  -0.350092202E-01
   0.279243184E-08  -0.314706936E-01
   0.280206103E-08  -0.265456252E-01
   0.281169021E-08  -0.205056146E-01
   0.282131940E-08  -0.137101058E-01
   0.283094859E-08  -0.657472014E-02
   0.284057777E-08   0.472225365E-03
   0.285020696E-08   0.703535881E-02
   0.285983615E-08   0.127920965E-01
   0.286946533E-08   0.175220259E-01
   0.287909452E-08   0.211193990E-01
   0.288872370E-08   0.235852078E-01
   0.289835289E-08   0.250047203E-01
